GID,IDENT,HEURE,TYPEVOIE,ETAT
15,MB333.D1,20171014031623,N230,FLUIDE
16,MB333.e1,20171014031623,N230,FLUIDE
17,MB233.V1,20171014031623,N230,FLUIDE
18,MBG33.n1,20171014031623,N230,FLUIDE
19,MBG33.N1,20171014031623,N230,FLUIDE
20,MB333.M1,20171014031623,N230,FLUIDE
21,MBG33.R1,20171014031623,N230,FLUIDE
22,MB333.L1,20171014031623,N230,FLUIDE
23,MBG33.T1,20171014031623,N230,FLUIDE
24,MBG33.V1,20171014031623,N230,FLUIDE
25,MBG33.Y1,20171014031623,N230,FLUIDE
26,MB233.L1,20171014031623,A630,FLUIDE
27,MB233.N1,20171014031623,A630,FLUIDE
28,MB233.Q1,20171014031623,A630,FLUIDE
29,MB233.R1,20171014031623,A630,FLUIDE
30,MB333.V1,20171014031623,A630,FLUIDE
31,MB333.Y1,20171014031623,A630,FLUIDE
32,MB333.K1,20171014031623,A630,FLUIDE
33,MB333.X1,20171014031623,A630,FLUIDE
34,MB233.B1,20171014031623,A630,FLUIDE
35,MB333.W1,20171014031623,A630,FLUIDE
36,MB133.L1,20171014031623,A630,FLUIDE
37,MB333.B1,20171014031623,A630,FLUIDE
38,MB233.D1,20171014031623,A630,FLUIDE
39,MB333.j1,20171014031623,A630,FLUIDE
40,MB133.K1,20171014031623,A630,FLUIDE
41,MB233.t1,20171014031623,A630,FLUIDE
42,MB233.T1,20171014031623,A630,FLUIDE
43,MB333.J1,20171014031623,A630,INCONNU
44,MB333.N1,20170524090000,A630,INCONNU
45,MB233.H1,20171014031623,A630,FLUIDE
46,MB133.J1,20171014031623,A630,FLUIDE
47,MB233.j1,20171014031623,A630,FLUIDE
48,MB233.x1,20171014031623,A630,INCONNU
49,MB133.j1,20171014031623,A630,FLUIDE
50,MB233.Y1,20171014031623,A630,FLUIDE
51,MB333.I1,20171014031623,A630,FLUIDE
52,MB333.h1,20171014031623,A630,FLUIDE
53,MB133.I1,20171014031623,A630,FLUIDE
54,MB233.w1,20171014031623,A630,FLUIDE
55,MB233.Z1,20171014031623,A630,FLUIDE
56,MB233.X1,20171014031623,A630,FLUIDE
57,MB333.a1,20171014031623,A630,FLUIDE
58,MB333.a7,20171014031623,A630,FLUIDE
59,MB333.H1,20171014031623,A630,FLUIDE
60,MB233.U1,20171014031623,A630,FLUIDE
61,MB233.W1,20171014031623,A630,FLUIDE
62,MB333.A1,20171014031623,A630,FLUIDE
63,MB333.f1,20170524090000,A630,INCONNU
64,MB333.E1,20171014031623,A630,FLUIDE
65,MB333.G1,20171014031623,A630,FLUIDE
66,MBG33.M3,20171014031623,N230,FLUIDE
67,MB133.Y1,20171014031623,A62,FLUIDE
68,MB133.P1,20170524090000,A62,INCONNU
69,MB233.z1,20171014031623,A630,FLUIDE
70,MB333.P2,20170524090000,A631,INCONNU
71,MBg33.A6,20170524090000,A630,INCONNU
72,MB333.O2,20171014031623,A631,FLUIDE
73,MB333.t2,20171014031623,A63,FLUIDE
74,MB333.c2,20170524090000,A63,INCONNU
75,MB333.T2,20171014031623,A63,FLUIDE
76,MB133.X2,20171014031623,A630,FLUIDE
77,MB133.O2,20171014031623,A62,FLUIDE
78,MB133.Y2,20171014031623,A62,FLUIDE
79,MB333.S2,20171014031623,A62,FLUIDE
80,MB333.S4,20170524090000,A62,INCONNU
81,MB333.R3,20171014031623,A62,FLUIDE
82,MB333.R2,20171014031623,A62,FLUIDE
83,MB233.M2,20171014031623,A630,FLUIDE
84,MB233.N2,20171014031623,A630,FLUIDE
85,MB233.t6,20170524090000,A630,INCONNU
86,MB333.I2,20171014031623,A630,FLUIDE
87,MB333.h2,20171014031623,A630,FLUIDE
1,MB333.o1,20170524090000,A631,INCONNU
2,MB333.p1,20171014031623,A631,FLUIDE
3,MBg33.A5,20170524090000,A631,INCONNU
4,MB333.t1,20171014031623,A63,FLUIDE
5,MB333.T1,20171014031623,A63,FLUIDE
6,MB333.C1,20171014031623,A63,FLUIDE
7,MB133.O1,20171014031623,A62,FLUIDE
8,MB133.Y3,20170524090000,A62,INCONNU
9,MB333.S1,20171014031623,A62,FLUIDE
10,MB333.S3,20170524090000,A62,INCONNU
11,MB333.R4,20171014031623,A62,FLUIDE
12,MB333.R1,20171014031623,A62,FLUIDE
13,MBg33.A1,20171014031623,A630,FLUIDE
14,MB233.M1,20171014031623,A630,FLUIDE
110,MBG33.Y2,20171014031623,N230,FLUIDE
111,MB233.L2,20171014031623,A630,FLUIDE
112,MB233.P2,20170524090000,A630,INCONNU
113,MB233.R2,20171014031623,A630,FLUIDE
114,MB333.V2,20171014031623,A630,FLUIDE
115,MB333.Y2,20171014031623,A630,FLUIDE
116,MB333.k2,20170524090000,A630,INCONNU
117,MB333.X2,20171014031623,A630,FLUIDE
118,MB233.B2,20171014031623,A630,FLUIDE
119,MB333.W2,20171014031623,A630,FLUIDE
120,MB133.L2,20171014031623,A630,FLUIDE
121,MB333.b2,20170524090000,A630,INCONNU
122,MB233.D2,20171014031623,A630,FLUIDE
123,MB333.j2,20171014031623,A630,FLUIDE
124,MB133.K2,20171014031623,A630,FLUIDE
125,MB233.t4,20170524090000,A630,INCONNU
126,MB233.T2,20171014031623,A630,FLUIDE
127,MB233.z2,20171014031623,A630,FLUIDE
128,MB233.H2,20170524090000,A630,INCONNU
129,MB133.J2,20171014031623,A630,FLUIDE
130,MB233.j2,20171014031623,A630,FLUIDE
131,MB233.y2,20170524090000,A630,INCONNU
132,MB133.j2,20171014031623,A630,FLUIDE
133,MB233.Y2,20171014031623,A630,FLUIDE
134,MB333.J2,20171014031623,A630,INCONNU
136,MBg33.A2,20171014031623,,FLUIDE
137,MBG33.T2,20171014031623,,FLUIDE
138,T01,20171014031500,BOULEVARDS,FLUIDE
139,T02,20171014031500,BOULEVARDS,FLUIDE
140,T03,20171014031500,BOULEVARDS,FLUIDE
141,T04,20171014031500,BOULEVARDS,FLUIDE
142,T05,20171014031500,BOULEVARDS,FLUIDE
143,T06,20171014031500,BOULEVARDS,FLUIDE
144,T07,20171014031500,BOULEVARDS,FLUIDE
145,T08,20171014031500,BOULEVARDS,FLUIDE
146,T09,20171014031500,BOULEVARDS,FLUIDE
147,T10,20171014031500,BOULEVARDS,FLUIDE
148,T11,20171014031500,BOULEVARDS,FLUIDE
149,T12,20171014031500,BOULEVARDS,FLUIDE
150,T13,20171014031500,BOULEVARDS,FLUIDE
151,T14,20171014031500,BOULEVARDS,FLUIDE
152,T15,20171014031500,BOULEVARDS,FLUIDE
153,T16,20171014031500,BOULEVARDS,FLUIDE
154,T17,20171014031500,BOULEVARDS,FLUIDE
155,T18,20171014031500,BOULEVARDS,FLUIDE
156,T50,20171014031500,BOULEVARDS,FLUIDE
157,T51,20171014031500,BOULEVARDS,FLUIDE
158,T52,20171014031500,BOULEVARDS,FLUIDE
159,T53,20171014031500,BOULEVARDS,FLUIDE
160,T54,20171014031500,BOULEVARDS,FLUIDE
161,T55,20171014031500,BOULEVARDS,FLUIDE
162,T56,20171014031500,BOULEVARDS,FLUIDE
163,T57,20171014031500,BOULEVARDS,FLUIDE
164,T58,20171014031500,BOULEVARDS,FLUIDE
165,T59,20171014031500,BOULEVARDS,FLUIDE
166,T60,20171014031500,BOULEVARDS,FLUIDE
167,T61,20171014031500,BOULEVARDS,FLUIDE
168,T62,20171014031500,BOULEVARDS,FLUIDE
169,T63,20171014031500,BOULEVARDS,FLUIDE
170,T64,20171014031500,BOULEVARDS,FLUIDE
171,T65,20171014031500,BOULEVARDS,FLUIDE
172,T66,20171014031500,BOULEVARDS,FLUIDE
173,T67,20171014031500,BOULEVARDS,FLUIDE
174,A10,20171014031500,PENETRANTE,FLUIDE
176,A13,20171014031500,PENETRANTE,FLUIDE
177,A14,20171014031500,PENETRANTE,FLUIDE
178,A15,20171014031500,PENETRANTE,FLUIDE
179,A16,20171014031500,PENETRANTE,FLUIDE
180,A17,20171014031500,PENETRANTE,FLUIDE
181,A19,20171014031500,PENETRANTE,FLUIDE
182,A20,20171014031500,PENETRANTE,FLUIDE
183,A50,20171014031500,PENETRANTE,FLUIDE
184,A51,20171014031500,PENETRANTE,FLUIDE
185,A55,20171014031500,PENETRANTE,FLUIDE
186,A56,20171014031500,PENETRANTE,FLUIDE
187,A57,20171014031500,PENETRANTE,FLUIDE
188,A60,20171014031500,PENETRANTE,FLUIDE
189,A61,20171014031500,PENETRANTE,FLUIDE
190,A62,20171014031500,PENETRANTE,FLUIDE
191,A66,20171014031500,PENETRANTE,FLUIDE
192,B14,20171014031500,PENETRANTE,FLUIDE
193,B15,20171014031500,PENETRANTE,INCONNU
194,B16,20171014031500,PENETRANTE,FLUIDE
195,B17,20171014031500,PENETRANTE,FLUIDE
196,B18,20171014031500,PENETRANTE,FLUIDE
197,B51,20171014031500,PENETRANTE,FLUIDE
198,B52,20171014031500,PENETRANTE,FLUIDE
199,B53,20171014031500,PENETRANTE,INCONNU
200,B54,20171014031500,PENETRANTE,FLUIDE
201,B55,20171014031500,PENETRANTE,FLUIDE
202,P06,20171014031500,PENETRANTE,FLUIDE
203,P53,20171014031500,PENETRANTE,FLUIDE
205,U02,20171014031500,COURS,FLUIDE
206,U03,20171014031500,COURS,FLUIDE
207,U04,20171014031500,COURS,FLUIDE
208,U05,20171014031500,COURS,FLUIDE
209,U06,20171014031500,COURS,FLUIDE
210,U07,20171014031500,COURS,FLUIDE
211,U08,20171014031500,COURS,FLUIDE
212,U09,20171014031500,COURS,FLUIDE
213,U10,20171014031500,COURS,FLUIDE
214,U11,20171014031500,COURS,FLUIDE
215,U12,20171014031500,COURS,FLUIDE
216,U51,20171014031500,COURS,FLUIDE
217,U52,20171014031500,COURS,FLUIDE
218,U53,20171014031500,COURS,FLUIDE
219,U54,20171014031500,COURS,FLUIDE
220,U55,20171014031500,COURS,FLUIDE
221,U56,20171014031500,COURS,FLUIDE
222,U57,20171014031500,COURS,FLUIDE
223,U58,20171014031500,COURS,FLUIDE
224,U59,20171014031500,COURS,FLUIDE
225,W14,20171014031500,COURS,FLUIDE
226,W15,20171014031500,COURS,FLUIDE
227,A01,20171014031200,PENETRANTE,FLUIDE
228,A02,20171014031200,PENETRANTE,FLUIDE
229,A03,20171014031500,PENETRANTE,FLUIDE
230,A04,20171014031200,PENETRANTE,FLUIDE
231,A09,20171014031200,PENETRANTE,FLUIDE
232,A18,20171014031200,PENETRANTE,FLUIDE
233,A52,20171014031200,PENETRANTE,FLUIDE
234,A58,20171014031200,PENETRANTE,FLUIDE
235,A59,20171014031200,PENETRANTE,FLUIDE
236,A69,20171014031500,PENETRANTE,FLUIDE
237,A71,20171014031200,PENETRANTE,INCONNU
238,B02,20171014031200,PENETRANTE,FLUIDE
239,B06,20171014031200,PENETRANTE,FLUIDE
240,B09,20171014031200,PENETRANTE,FLUIDE
241,B20,20171014031200,PENETRANTE,FLUIDE
242,B22,20171014031200,PENETRANTE,FLUIDE
243,B23,20171014031200,PENETRANTE,FLUIDE
244,B50,20171014031159,PENETRANTE,FLUIDE
245,B57,20171014031200,PENETRANTE,FLUIDE
246,B58,20171014031200,PENETRANTE,FLUIDE
247,B63,20171014031200,PENETRANTE,INCONNU
248,B65,20171014031200,PENETRANTE,FLUIDE
249,B67,20171014031200,PENETRANTE,FLUIDE
250,B68,20171014031200,PENETRANTE,FLUIDE
251,C01,20171014031159,PENETRANTE,FLUIDE
252,C02,20171014031159,PENETRANTE,FLUIDE
253,C03,20171014031159,PENETRANTE,FLUIDE
254,C04,20171014031159,PENETRANTE,FLUIDE
255,C06,20171014031200,PENETRANTE,FLUIDE
256,C51,20171014031200,PENETRANTE,FLUIDE
257,C53,20171014031159,PENETRANTE,FLUIDE
258,E04,20171014031159,PENETRANTE,FLUIDE
259,E52,20171014031159,PENETRANTE,FLUIDE
260,E53,20171014031159,PENETRANTE,FLUIDE
261,F01,20171014031159,PENETRANTE,FLUIDE
262,F03,20171014031159,PENETRANTE,FLUIDE
264,F05,20171014031159,PENETRANTE,INCONNU
265,F06,20171014031159,PENETRANTE,INCONNU
266,F07,20171014031159,PENETRANTE,INCONNU
267,F10,20171014031159,PENETRANTE,FLUIDE
268,F11,20171014031159,PENETRANTE,FLUIDE
269,F12,20171014031159,PENETRANTE,FLUIDE
271,F14,20171014031159,PENETRANTE,FLUIDE
272,F15,20171014031159,PENETRANTE,FLUIDE
273,F16,20171014031159,PENETRANTE,FLUIDE
274,F18,20171014031159,PENETRANTE,FLUIDE
275,F24,20171014031200,PENETRANTE,FLUIDE
276,F25,20171014031200,PENETRANTE,FLUIDE
277,F51,20171014031159,PENETRANTE,FLUIDE
278,F52,20171014031159,PENETRANTE,FLUIDE
279,F54,20171014031159,PENETRANTE,FLUIDE
280,F55,20171014031159,PENETRANTE,FLUIDE
281,F56,20171014031159,PENETRANTE,FLUIDE
282,F57,20171014031159,PENETRANTE,FLUIDE
283,F58,20171014031159,PENETRANTE,FLUIDE
284,F60,20171014031159,PENETRANTE,FLUIDE
285,F69,20171014031159,PENETRANTE,INCONNU
286,F74,20171014031159,PENETRANTE,FLUIDE
287,F77,20171014031159,PENETRANTE,FLUIDE
288,F78,20171014031159,PENETRANTE,INCONNU
289,F82,20171014031159,PENETRANTE,FLUIDE
290,F83,20171014031159,PENETRANTE,FLUIDE
291,G61,20171014031200,PENETRANTE,FLUIDE
292,H01,20171014031200,PENETRANTE,FLUIDE
293,H02,20171014031200,PENETRANTE,FLUIDE
294,H03,20171014031200,PENETRANTE,INCONNU
295,H04,20171014031200,PENETRANTE,FLUIDE
296,H06,20171014031200,PENETRANTE,FLUIDE
297,H07,20171014031200,PENETRANTE,FLUIDE
298,H08,20171014031200,PENETRANTE,FLUIDE
299,H09,20171014031200,PENETRANTE,FLUIDE
300,H10,20171014031200,PENETRANTE,FLUIDE
301,H11,20171014031200,PENETRANTE,FLUIDE
302,H12,20171014031200,PENETRANTE,FLUIDE
303,H13,20171014031200,PENETRANTE,FLUIDE
304,H14,20171014031200,PENETRANTE,FLUIDE
305,H15,20171014031200,PENETRANTE,FLUIDE
306,H16,20171014031200,PENETRANTE,FLUIDE
307,H17,20171014031200,PENETRANTE,FLUIDE
308,H19,20171014031100,PENETRANTE,FLUIDE
310,H21,20171014031200,PENETRANTE,INCONNU
311,H25,20171014031200,PENETRANTE,FLUIDE
312,H26,20171014031200,PENETRANTE,FLUIDE
313,H28,20171014031159,PENETRANTE,FLUIDE
314,H29,20171014031159,PENETRANTE,FLUIDE
315,H30,20171014031159,PENETRANTE,FLUIDE
317,H52,20171014031159,PENETRANTE,FLUIDE
318,H53,20171014031159,PENETRANTE,FLUIDE
319,H55,20171014031159,PENETRANTE,FLUIDE
320,H56,20171014031159,PENETRANTE,FLUIDE
321,H58,20171014031200,PENETRANTE,FLUIDE
322,H59,20171014031200,PENETRANTE,FLUIDE
323,H60,20171014031200,PENETRANTE,FLUIDE
324,H61,20171014031200,PENETRANTE,FLUIDE
325,H62,20171014031200,PENETRANTE,FLUIDE
326,H63,20171014031200,PENETRANTE,FLUIDE
327,H64,20171014031200,PENETRANTE,EMBOUTEILLE
328,H65,20171014031200,PENETRANTE,FLUIDE
329,H66,20171014031200,PENETRANTE,FLUIDE
330,H67,20171014031200,PENETRANTE,FLUIDE
331,H68,20171014031200,PENETRANTE,FLUIDE
332,H69,20171014031200,PENETRANTE,EMBOUTEILLE
333,H71,20171014031200,PENETRANTE,FLUIDE
334,H73,20171014031200,PENETRANTE,FLUIDE
335,H74,20171014031200,PENETRANTE,FLUIDE
336,H75,20171014031200,PENETRANTE,INCONNU
337,H76,20171014031200,PENETRANTE,FLUIDE
338,I01,20171014031200,PENETRANTE,FLUIDE
339,I04,20171014031200,PENETRANTE,FLUIDE
340,I09,20171014031200,PENETRANTE,FLUIDE
341,I10,20171014031200,PENETRANTE,FLUIDE
342,I12,20171014031200,PENETRANTE,FLUIDE
343,I14,20171014031200,PENETRANTE,FLUIDE
344,I16,20171014031200,PENETRANTE,FLUIDE
345,I17,20171014031200,PENETRANTE,FLUIDE
346,I18,20171014031200,PENETRANTE,FLUIDE
347,I20,20171014031200,PENETRANTE,FLUIDE
348,I21,20171014031200,PENETRANTE,FLUIDE
349,I22,20171014031200,PENETRANTE,FLUIDE
350,I23,20171014031200,PENETRANTE,FLUIDE
351,I24,20171014031200,PENETRANTE,FLUIDE
352,I25,20171014031200,PENETRANTE,FLUIDE
353,I27,20171014031200,PENETRANTE,FLUIDE
355,I29,20171014031200,PENETRANTE,FLUIDE
356,I31,20171014031159,PENETRANTE,FLUIDE
357,I50,20171014031200,PENETRANTE,FLUIDE
358,I52,20171014031200,PENETRANTE,FLUIDE
359,I54,20171014031200,PENETRANTE,FLUIDE
360,I55,20171014031200,PENETRANTE,FLUIDE
362,I57,20171014031200,PENETRANTE,FLUIDE
363,I58,20171014031200,PENETRANTE,FLUIDE
364,I59,20171014031200,PENETRANTE,FLUIDE
365,I60,20171014031200,PENETRANTE,FLUIDE
366,I62,20171014031200,PENETRANTE,FLUIDE
367,I63,20171014031200,PENETRANTE,INCONNU
368,I64,20171014031200,PENETRANTE,FLUIDE
369,I65,20171014031200,PENETRANTE,FLUIDE
370,I66,20171014031200,PENETRANTE,FLUIDE
371,I71,20171014031200,PENETRANTE,FLUIDE
372,I72,20171014031200,PENETRANTE,FLUIDE
373,I73,20171014031200,PENETRANTE,FLUIDE
374,I74,20171014031200,PENETRANTE,FLUIDE
375,I75,20171014031200,PENETRANTE,FLUIDE
376,J05,20171014031200,PENETRANTE,FLUIDE
377,J06,20171014031200,PENETRANTE,FLUIDE
378,J07,20171014031200,PENETRANTE,FLUIDE
379,J08,20171014031200,PENETRANTE,FLUIDE
380,J09,20171014031200,PENETRANTE,FLUIDE
381,J11,20171014031200,PENETRANTE,INCONNU
382,J13,20171014031200,PENETRANTE,FLUIDE
383,J14,20171014031200,PENETRANTE,FLUIDE
384,J15,20171014031200,PENETRANTE,FLUIDE
385,J16,20171014031200,PENETRANTE,FLUIDE
386,J17,20171014031200,PENETRANTE,EMBOUTEILLE
387,J19,20171014031159,PENETRANTE,FLUIDE
388,J20,20171014031159,PENETRANTE,FLUIDE
389,J21,20171014031159,PENETRANTE,FLUIDE
390,J51,20171014031159,PENETRANTE,FLUIDE
391,J52,20171014031200,PENETRANTE,FLUIDE
392,J54,20171014031200,PENETRANTE,FLUIDE
393,J56,20171014031200,PENETRANTE,FLUIDE
394,J57,20171014031200,PENETRANTE,FLUIDE
395,J58,20171014031200,PENETRANTE,FLUIDE
396,J59,20171014031200,PENETRANTE,FLUIDE
397,J60,20171014031200,PENETRANTE,FLUIDE
398,J61,20171014031200,PENETRANTE,FLUIDE
399,K01,20171014031200,PENETRANTE,FLUIDE
400,K03,20171014031200,PENETRANTE,FLUIDE
401,K05,20171014031200,PENETRANTE,FLUIDE
402,K07,20171014031200,PENETRANTE,FLUIDE
404,K10,20171014031200,PENETRANTE,FLUIDE
405,K11,20171014031200,PENETRANTE,FLUIDE
406,K12,20171014031200,PENETRANTE,FLUIDE
407,K13,20171014031200,PENETRANTE,FLUIDE
408,K16,20171014031200,PENETRANTE,FLUIDE
409,K17,20171014031200,PENETRANTE,FLUIDE
410,K18,20171014031200,PENETRANTE,FLUIDE
88,MB133.I2,20171014031623,A630,FLUIDE
89,MB233.w2,20171014031623,A630,FLUIDE
90,MB233.Z2,20171014031623,A630,FLUIDE
91,MB233.X2,20171014031623,A630,FLUIDE
92,MB333.a2,20171014031623,A630,FLUIDE
93,MB333.a8,20171014031623,A630,FLUIDE
94,MB333.H2,20171014031623,A630,FLUIDE
95,MB233.U2,20171014031623,A630,FLUIDE
96,MB233.W2,20171014031623,A630,FLUIDE
97,MB333.A2,20171014031623,A630,FLUIDE
98,MB333.F2,20171014031623,A630,FLUIDE
99,MB333.E2,20171014031623,A630,FLUIDE
100,MB333.G2,20171014031623,A630,FLUIDE
101,MB333.D2,20171014031623,N230,FLUIDE
102,MB333.e2,20171014031623,N230,FLUIDE
103,MB233.V2,20171014031623,N230,FLUIDE
104,MBG33.n2,20171014031623,N230,FLUIDE
105,MBG33.N2,20171014031623,N230,FLUIDE
106,MB333.M2,20171014031623,N230,FLUIDE
107,MBG33.R2,20171014031623,N230,FLUIDE
108,MB333.L2,20171014031623,N230,FLUIDE
109,MBG33.V2,20171014031623,N230,FLUIDE
412,K21,20171014031200,PENETRANTE,FLUIDE
413,K22,20171014031200,PENETRANTE,FLUIDE
414,K23,20171014031200,PENETRANTE,FLUIDE
415,K26,20171014031200,PENETRANTE,FLUIDE
416,K52,20171014031200,PENETRANTE,FLUIDE
417,K53,20171014031200,PENETRANTE,FLUIDE
418,K54,20171014031200,PENETRANTE,FLUIDE
419,K56,20171014031200,PENETRANTE,FLUIDE
420,K57,20171014031200,PENETRANTE,FLUIDE
421,K58,20171014031200,PENETRANTE,FLUIDE
422,K59,20171014031200,PENETRANTE,FLUIDE
423,K60,20171014031200,PENETRANTE,FLUIDE
424,K61,20171014031200,PENETRANTE,FLUIDE
425,K63,20171014031200,PENETRANTE,FLUIDE
426,L08,20171014031200,PENETRANTE,FLUIDE
427,L09,20171014031200,PENETRANTE,FLUIDE
428,L11,20171014031200,PENETRANTE,FLUIDE
429,L12,20171014031200,PENETRANTE,FLUIDE
430,L15,20171014031200,PENETRANTE,FLUIDE
431,L16,20171014031200,PENETRANTE,FLUIDE
432,L17,20171014031200,PENETRANTE,FLUIDE
433,L18,20171014031200,PENETRANTE,FLUIDE
434,L19,20171014031200,PENETRANTE,FLUIDE
435,L20,20171014031200,PENETRANTE,FLUIDE
436,L21,20171014031159,PENETRANTE,FLUIDE
437,L22,20171014031159,PENETRANTE,FLUIDE
438,L23,20171014031159,PENETRANTE,FLUIDE
439,L24,20171014031159,PENETRANTE,FLUIDE
440,L25,20171014031159,PENETRANTE,INCONNU
441,L50,20171014031159,PENETRANTE,FLUIDE
442,L51,20171014031200,PENETRANTE,FLUIDE
443,L52,20171014031200,PENETRANTE,FLUIDE
444,L53,20171014031200,PENETRANTE,FLUIDE
445,L54,20171014031200,PENETRANTE,FLUIDE
446,L55,20171014031200,PENETRANTE,FLUIDE
447,L56,20171014031200,PENETRANTE,FLUIDE
449,L58,20171014031200,PENETRANTE,FLUIDE
450,L61,20171014031200,PENETRANTE,FLUIDE
451,L62,20171014031200,PENETRANTE,FLUIDE
452,L63,20171014031200,PENETRANTE,FLUIDE
453,L64,20171014031200,PENETRANTE,FLUIDE
454,M12,20171014031200,PENETRANTE,FLUIDE
456,M17,20171014031200,PENETRANTE,FLUIDE
457,M18,20171014031159,PENETRANTE,FLUIDE
458,M20,20171014031159,PENETRANTE,FLUIDE
459,M22,20171014031200,PENETRANTE,FLUIDE
507,Q02,20171014031159,PENETRANTE,INCONNU
508,Q03,20171014031159,PENETRANTE,FLUIDE
509,Q04,20171014031159,PENETRANTE,FLUIDE
510,Q50,20171014031159,PENETRANTE,FLUIDE
511,Q51,20171014031159,PENETRANTE,INCONNU
512,Q52,20171014031159,PENETRANTE,INCONNU
513,Q55,20171014031159,PENETRANTE,FLUIDE
514,Q56,20171014031159,PENETRANTE,INCONNU
515,R01,20171014031159,PENETRANTE,FLUIDE
516,R02,20171014031159,PENETRANTE,FLUIDE
518,R04,20171014031159,PENETRANTE,FLUIDE
519,R05,20171014031159,PENETRANTE,FLUIDE
520,R50,20171014031159,PENETRANTE,FLUIDE
521,R51,20171014031159,PENETRANTE,FLUIDE
522,R52,20171014031159,PENETRANTE,FLUIDE
523,R53,20171014031159,PENETRANTE,FLUIDE
524,R54,20171014031159,PENETRANTE,FLUIDE
525,S04,20171014031200,PENETRANTE,FLUIDE
526,S05,20171014031159,PENETRANTE,FLUIDE
527,S06,20171014031159,PENETRANTE,FLUIDE
528,S07,20171014031159,PENETRANTE,FLUIDE
529,S08,20171014031200,PENETRANTE,FLUIDE
530,S09,20171014031200,PENETRANTE,FLUIDE
531,S10,20171014031200,PENETRANTE,FLUIDE
532,S11,20171014031200,PENETRANTE,FLUIDE
533,S12,20171014031200,PENETRANTE,FLUIDE
534,S13,20171014031200,PENETRANTE,FLUIDE
535,S14,20171014031200,PENETRANTE,FLUIDE
536,S50,20171014031159,PENETRANTE,FLUIDE
537,S51,20171014031159,PENETRANTE,FLUIDE
538,W01,20171014031159,PENETRANTE,FLUIDE
539,W02,20171014031159,PENETRANTE,FLUIDE
540,W03,20171014031159,PENETRANTE,EMBOUTEILLE
542,W05,20171014031159,PENETRANTE,FLUIDE
543,W06,20171014031159,PENETRANTE,FLUIDE
544,W07,20171014031159,PENETRANTE,INCONNU
545,W08,20171014031159,PENETRANTE,FLUIDE
546,W09,20171014031159,PENETRANTE,FLUIDE
547,W10,20171014031159,PENETRANTE,FLUIDE
549,W12,20171014031159,PENETRANTE,FLUIDE
550,W13,20171014031159,PENETRANTE,FLUIDE
551,Y01,20171014031159,PENETRANTE,FLUIDE
552,Y02,20171014031159,PENETRANTE,FLUIDE
553,Y03,20171014031159,PENETRANTE,FLUIDE
554,Y04,20171014031159,PENETRANTE,FLUIDE
555,Y05,20171014031159,PENETRANTE,FLUIDE
556,Y06,20171014031159,PENETRANTE,FLUIDE
557,Y07,20171014031159,PENETRANTE,FLUIDE
558,Y08,20171014031159,PENETRANTE,FLUIDE
559,Y09,20171014031159,PENETRANTE,FLUIDE
560,Y10,20171014031159,PENETRANTE,FLUIDE
562,Y13,20171014031159,PENETRANTE,FLUIDE
563,Y14,20171014031159,PENETRANTE,FLUIDE
564,Y15,20171014031159,PENETRANTE,FLUIDE
565,Y16,20171014031159,PENETRANTE,FLUIDE
566,Z02,20171014031200,PENETRANTE,FLUIDE
567,Z03,20171014031200,PENETRANTE,FLUIDE
569,Z05,20171014031200,PENETRANTE,FLUIDE
570,Z06,20171014031200,PENETRANTE,FLUIDE
571,Z07,20171014031200,PENETRANTE,FLUIDE
572,Z08,20171014031200,PENETRANTE,FLUIDE
573,P09,20171014031500,QUAIS,FLUIDE
574,P10,20171014031500,QUAIS,FLUIDE
575,P52,20171014031500,QUAIS,FLUIDE
576,V01,20171014031500,QUAIS,FLUIDE
577,V02,20171014031500,QUAIS,FLUIDE
578,V03,20171014031500,QUAIS,FLUIDE
579,V04,20171014031500,QUAIS,FLUIDE
580,V05,20171014031500,QUAIS,FLUIDE
581,V06,20171014031500,QUAIS,FLUIDE
582,V07,20171014031500,QUAIS,FLUIDE
583,V08,20171014031500,QUAIS,FLUIDE
584,V09,20171014031500,QUAIS,FLUIDE
585,V50,20171014031500,QUAIS,FLUIDE
586,V51,20171014031500,QUAIS,FLUIDE
587,V52,20171014031500,QUAIS,FLUIDE
588,V53,20171014031500,QUAIS,FLUIDE
589,V54,20171014031500,QUAIS,FLUIDE
590,V55,20171014031500,QUAIS,FLUIDE
591,V56,20171014031500,QUAIS,FLUIDE
592,V57,20171014031500,QUAIS,FLUIDE
593,V58,20171014031500,QUAIS,FLUIDE
594,V59,20171014031500,QUAIS,FLUIDE
595,K36,20171014031200,PENETRANTE,FLUIDE
596,A11,20171014031500,PENETRANTE,FLUIDE
597,A63,20171014031500,PENETRANTE,FLUIDE
598,B12,20171014031500,PENETRANTE,FLUIDE
599,B13,20171014031500,PENETRANTE,FLUIDE
600,U01,20171014031500,COURS,FLUIDE
601,U60,20171014031500,COURS,FLUIDE
602,K08,20171014031100,PENETRANTE,FLUIDE
603,P07,20171014031500,QUAIS,EMBOUTEILLE
604,P08,20171014031500,QUAIS,EMBOUTEILLE
605,P50,20171014031500,QUAIS,INCONNU
606,P51,20171014031500,QUAIS,FLUIDE
607,N19,20171014031200,PENETRANTE,FLUIDE
609,N20,20171014031200,PENETRANTE,FLUIDE
610,N21,20171014031200,PENETRANTE,FLUIDE
611,N24,20171014031200,PENETRANTE,FLUIDE
612,N23,20171014031200,PENETRANTE,FLUIDE
613,N22,20171014031200,PENETRANTE,FLUIDE
614,A99,20171014031200,PENETRANTE,FLUIDE
615,M55,20171014031200,PENETRANTE,FLUIDE
616,M15,20171014031200,PENETRANTE,FLUIDE
617,M58,20171014031200,PENETRANTE,FLUIDE
618,M06,20171014031200,PENETRANTE,FLUIDE
619,M13,20171014031200,PENETRANTE,FLUIDE
620,M60,20171014031200,PENETRANTE,FLUIDE
621,M63,20171014031200,PENETRANTE,FLUIDE
622,M09,20171014031200,PENETRANTE,INCONNU
623,M21,20171014031200,PENETRANTE,INCONNU
624,M92,20171014031200,PENETRANTE,FLUIDE
625,M72,20171014031200,PENETRANTE,FLUIDE
626,M71,20171014031200,PENETRANTE,FLUIDE
627,M73,20171014031200,PENETRANTE,FLUIDE
628,M89,20171014031200,PENETRANTE,FLUIDE
629,M88,20171014031200,PENETRANTE,FLUIDE
630,M87,20171014031200,PENETRANTE,INCONNU
631,M74,20171014031200,PENETRANTE,FLUIDE
632,M75,20171014031200,PENETRANTE,FLUIDE
633,M86,20171014031200,PENETRANTE,FLUIDE
634,M76,20171014031200,PENETRANTE,FLUIDE
635,M82,20171014031200,PENETRANTE,FLUIDE
637,M80,20171014031200,PENETRANTE,FLUIDE
638,M83,20171014031200,PENETRANTE,FLUIDE
639,M79,20171014031200,PENETRANTE,FLUIDE
640,M78,20171014031200,PENETRANTE,FLUIDE
641,M85,20171014031200,PENETRANTE,FLUIDE
642,M77,20171014031200,PENETRANTE,FLUIDE
643,A73,20171014031200,PENETRANTE,FLUIDE
644,A72,20171014031200,PENETRANTE,FLUIDE
645,A80,20171014031200,PENETRANTE,INCONNU
646,A79,20171014031200,PENETRANTE,FLUIDE
647,A74,20171014031200,PENETRANTE,FLUIDE
648,A78,20171014031200,PENETRANTE,FLUIDE
649,A75,20171014031200,PENETRANTE,FLUIDE
650,A77,20171014031200,PENETRANTE,FLUIDE
651,A76,20171014031200,PENETRANTE,FLUIDE
652,I81,20171014031200,PENETRANTE,FLUIDE
653,I79,20171014031200,PENETRANTE,FLUIDE
654,I82,20171014031200,PENETRANTE,FLUIDE
655,I78,20171014031200,PENETRANTE,FLUIDE
656,I83,20171014031200,PENETRANTE,FLUIDE
657,I77,20171014031200,PENETRANTE,FLUIDE
658,I76,20171014031200,PENETRANTE,FLUIDE
659,I80,20171014031200,PENETRANTE,FLUIDE
660,M64,20171014031200,PENETRANTE,FLUIDE
661,M65,20171014031200,PENETRANTE,FLUIDE
662,M08,20171014031200,PENETRANTE,FLUIDE
663,M07,20171014031200,PENETRANTE,FLUIDE
664,M61,20171014031200,PENETRANTE,FLUIDE
665,M11,20171014031200,PENETRANTE,FLUIDE
666,M62,20171014031200,PENETRANTE,INCONNU
667,M10,20171014031200,PENETRANTE,FLUIDE
668,A98,20171014031200,PENETRANTE,FLUIDE
669,A97,20171014031200,PENETRANTE,FLUIDE
670,A95,20171014031200,PENETRANTE,FLUIDE
671,A96,20171014031200,PENETRANTE,FLUIDE
672,M90,20171014031200,PENETRANTE,FLUIDE
673,M91,20171014031200,PENETRANTE,FLUIDE
674,N25,20171014031200,PENETRANTE,INCONNU
676,Z12,20171014031200,PENETRANTE,FLUIDE
677,Z13,20171014031200,PENETRANTE,FLUIDE
678,Z10,20171014031200,PENETRANTE,INCONNU
681,K32,20171014031200,PENETRANTE,FLUIDE
682,K35,20171014031200,PENETRANTE,FLUIDE
683,K34,20171014031200,PENETRANTE,FLUIDE
684,K33,20171014031200,PENETRANTE,FLUIDE
685,K31,20171014031200,PENETRANTE,FLUIDE
686,K30,20171014031200,PENETRANTE,FLUIDE
687,J22,20171014031159,PENETRANTE,FLUIDE
688,P11,20171014031159,PENETRANTE,FLUIDE
689,P12,20171014031159,PENETRANTE,FLUIDE
690,U48,20171014031159,PENETRANTE,FLUIDE
691,U49,20171014031159,PENETRANTE,FLUIDE
692,U14,20171014031159,PENETRANTE,FLUIDE
693,P59,20171014031159,PENETRANTE,FLUIDE
694,N70,20171014031200,PENETRANTE,INCONNU
695,N69,20171014031200,PENETRANTE,INCONNU
696,N68,20171014031200,PENETRANTE,FLUIDE
697,N71,20171014031200,PENETRANTE,INCONNU
698,N66,20171014031200,PENETRANTE,FLUIDE
699,N67,20171014031200,PENETRANTE,FLUIDE
700,N65,20171014031200,PENETRANTE,FLUIDE
701,K40,20171014031200,PENETRANTE,FLUIDE
702,K41,20171014031200,PENETRANTE,FLUIDE
703,K42,20171014031200,PENETRANTE,FLUIDE
704,K43,20171014031200,PENETRANTE,FLUIDE
705,K44,20171014031200,PENETRANTE,FLUIDE
706,K45,20171014031200,PENETRANTE,FLUIDE
707,D02,20171014031159,PENETRANTE,FLUIDE
708,D03,20171014031159,PENETRANTE,FLUIDE
709,D01,20171014031159,PENETRANTE,INCONNU
710,D04,20171014031159,PENETRANTE,FLUIDE
711,A22,20171014031200,PENETRANTE,FLUIDE
712,A21,20171014031200,PENETRANTE,FLUIDE
713,MBG33.m4,20170524090000,INCONNU,INCONNU
175,A12,20171014031500,PENETRANTE,FLUIDE
204,P54,20171014031500,PENETRANTE,FLUIDE
263,F04,20171014031159,PENETRANTE,FLUIDE
270,F13,20171014031159,PENETRANTE,FLUIDE
309,H20,20171014031200,PENETRANTE,FLUIDE
316,H50,20171014031159,PENETRANTE,EMBOUTEILLE
354,I28,20171014031200,PENETRANTE,INCONNU
361,I56,20171014031200,PENETRANTE,FLUIDE
403,K09,20171014031200,PENETRANTE,FLUIDE
411,K20,20171014031200,PENETRANTE,FLUIDE
448,L57,20171014031200,PENETRANTE,INCONNU
455,M16,20171014031200,PENETRANTE,FLUIDE
608,N18,20171014031200,PENETRANTE,FLUIDE
675,N26,20171014031200,PENETRANTE,FLUIDE
497,O53,20171014031159,PENETRANTE,FLUIDE
506,Q01,20171014031159,PENETRANTE,FLUIDE
460,M23,20171014031200,PENETRANTE,FLUIDE
461,M50,20171014031159,PENETRANTE,FLUIDE
462,M51,20171014031159,PENETRANTE,FLUIDE
463,M52,20171014031159,PENETRANTE,FLUIDE
464,M53,20171014031159,PENETRANTE,FLUIDE
465,M54,20171014031159,PENETRANTE,FLUIDE
466,N01,20171014031200,PENETRANTE,FLUIDE
467,N02,20171014031200,PENETRANTE,FLUIDE
468,N03,20171014031200,PENETRANTE,FLUIDE
469,N04,20171014031200,PENETRANTE,FLUIDE
470,N05,20171014031200,PENETRANTE,FLUIDE
471,N06,20171014031200,PENETRANTE,FLUIDE
472,N08,20171014031200,PENETRANTE,INCONNU
473,N09,20171014031200,PENETRANTE,INCONNU
474,N10,20171014031200,PENETRANTE,INCONNU
475,N12,20171014031159,PENETRANTE,INCONNU
476,N17,20171014031159,PENETRANTE,FLUIDE
477,N50,20171014031159,PENETRANTE,FLUIDE
478,N51,20171014031200,PENETRANTE,INCONNU
479,N52,20171014031200,PENETRANTE,INCONNU
480,N53,20171014031200,PENETRANTE,INCONNU
481,N55,20171014031200,PENETRANTE,INCONNU
482,N56,20171014031200,PENETRANTE,FLUIDE
483,N57,20171014031200,PENETRANTE,FLUIDE
484,N58,20171014031200,PENETRANTE,FLUIDE
485,N59,20171014031200,PENETRANTE,FLUIDE
486,N61,20171014031200,PENETRANTE,FLUIDE
487,N64,20171014031159,PENETRANTE,FLUIDE
488,O02,20171014031159,PENETRANTE,FLUIDE
489,O03,20171014031159,PENETRANTE,FLUIDE
490,O04,20171014031159,PENETRANTE,FLUIDE
491,O05,20171014031159,PENETRANTE,FLUIDE
492,O06,20171014031159,PENETRANTE,FLUIDE
493,O07,20171014031159,PENETRANTE,FLUIDE
494,O50,20171014031159,PENETRANTE,FLUIDE
495,O51,20171014031159,PENETRANTE,FLUIDE
496,O52,20171014031159,PENETRANTE,FLUIDE
498,O55,20171014031159,PENETRANTE,FLUIDE
499,P01,20171014031159,PENETRANTE,FLUIDE
500,P02,20171014031159,PENETRANTE,FLUIDE
501,P03,20171014031159,PENETRANTE,FLUIDE
502,P55,20171014031159,PENETRANTE,INCONNU
503,P56,20171014031159,PENETRANTE,FLUIDE
504,P57,20171014031159,PENETRANTE,FLUIDE
505,P58,20171014031159,PENETRANTE,FLUIDE
680,Z11,20171014031200,PENETRANTE,FLUIDE
517,R03,20171014031159,PENETRANTE,FLUIDE
561,Y12,20171014031159,PENETRANTE,FLUIDE
541,W04,20171014031159,PENETRANTE,FLUIDE
548,W11,20171014031159,PENETRANTE,FLUIDE
568,Z04,20171014031200,PENETRANTE,FLUIDE
679,Z09,20171014031200,PENETRANTE,FLUIDE
135,MB333.N2,20170524090000,INCONNU,INCONNU
636,M81,20171014031200,PENETRANTE,FLUIDE
